8.14204905E-05
7.65489895E-05
6.81965103E-05
7.23716512E-05
7.79394977E-05
7.44621502E-05
4.10573230E-05
9.67298474E-05
7.72446147E-05
1.05080871E-04
9.88174288E-05
7.58526439E-05
5.98469487E-05
8.35073297E-05
9.18583537E-05
7.23731137E-05
1.15520910E-04
5.98462102E-05
7.37643422E-05
8.35073297E-05
5.42791058E-05
4.94076121E-05
6.47176930E-05
7.65489895E-05
9.11634706E-05
4.66251549E-05
8.35073297E-05
5.01032300E-05
5.01032300E-05
9.18590813E-05
1.07168431E-04
6.61096565E-05
1.03689636E-04
1.39182011E-04
7.37636146E-05
1.01601341E-04
1.17606323E-04
8.00277994E-05
8.21161011E-05
1.36397386E-04
8.21168214E-05
8.35073297E-05
9.25546919E-05
7.79402108E-05
1.15518727E-04
1.07169159E-04
8.69875948E-05
9.74247305E-05
1.24567552E-04
1.23871214E-04
9.25546919E-05
8.21161011E-05
6.47176930E-05
7.23716512E-05
8.14197556E-05
9.46415530E-05
9.88174288E-05
7.16767754E-05
1.00208657E-04
7.16760478E-05
8.14204905E-05
3.61851053E-05
1.06473541E-04
7.30687316E-05
8.76831982E-05
5.63666908E-05
6.95906419E-05
7.58519309E-05
9.46422588E-05
1.10648689E-04
7.86358432E-05
7.93299987E-05
1.07168431E-04
7.02848047E-05
8.35058818E-05
1.12737733E-04
7.16782233E-05
8.97700520E-05
8.55956387E-05
1.13431895E-04
9.46415530E-05
7.51563057E-05
1.01601341E-04
6.26308611E-05
8.83795583E-05
1.13433336E-04
1.04384526E-04
6.40220896E-05
7.30694519E-05
8.55956387E-05
8.83795583E-05
8.83802713E-05
8.07248653E-05
5.28871460E-05
7.65475270E-05
5.91491407E-05
6.68045468E-05
4.66237034E-05
1.14127499E-04
8.42022273E-05
1.01602054E-04
4.94076121E-05
7.23731137E-05
1.09952358E-04
7.37643422E-05
7.23716512E-05
7.37643422E-05
5.84542577E-05
6.33264863E-05
5.01039576E-05
8.42036679E-05
6.61096565E-05
9.53393464E-05
7.65482691E-05
5.07995719E-05
6.61103986E-05
9.11620082E-05
9.04656772E-05
6.68038265E-05
1.14823109E-04
8.69875948E-05
9.11627285E-05
6.75016272E-05
1.15520910E-04
9.11641910E-05
7.51555781E-05
9.04663902E-05
6.54140531E-05
6.61096565E-05
7.51563057E-05
5.07995719E-05
6.88935761E-05
1.05080137E-04
9.11634706E-05
8.76831982E-05
8.21153662E-05
6.95899216E-05
1.12737012E-04
1.00210105E-04
7.65482691E-05
1.12040652E-04
9.81232661E-05
8.76831982E-05
9.11634706E-05
1.01601341E-04
8.69875948E-05
1.21783632E-04
7.58519309E-05
7.65497098E-05
1.02296959E-04
7.72446147E-05
6.75016272E-05
7.79409456E-05
1.02296959E-04
1.06473541E-04
6.19323400E-05
9.32510229E-05
8.07248653E-05
7.02862744E-05
7.30694519E-05
6.05432833E-05
9.67298474E-05
7.86358432E-05
6.68052817E-05
7.72453277E-05
7.30694519E-05
9.74261857E-05
7.16767754E-05
6.40220896E-05
7.58526439E-05
9.25539571E-05
6.26301335E-05
6.54140531E-05
6.26301335E-05
9.81210687E-05
8.07226825E-05
8.07241377E-05
1.01601341E-04
1.00210105E-04
1.01602054E-04
5.56703417E-05
6.47176930E-05
5.84549889E-05
8.42029476E-05
8.35058818E-05
9.67298474E-05
9.74269133E-05
1.09951630E-04
7.86358432E-05
7.86358432E-05
9.74261857E-05
8.28117118E-05
7.93321888E-05
